version https://git-lfs.github.com/spec/v1
oid sha256:dd56a13e0f5bfe5ad49731cd6591d1ad1a2c8dee52e362141768fa554845349c
size 285163
