version https://git-lfs.github.com/spec/v1
oid sha256:aeb8305926f935c2ce8c9a869c1a12dc9c3c0f5ab91f34c368924da283edb1d7
size 272663
