version https://git-lfs.github.com/spec/v1
oid sha256:b5702a2b397d2fa5991094af737fdae3b29b5b7970a93252c03e9ee3f5e19e7d
size 274631
