version https://git-lfs.github.com/spec/v1
oid sha256:febbc0f9d38282aaccc7807ed997efb85601eb9864d203c9d7b6faeb768ffb47
size 637053
