version https://git-lfs.github.com/spec/v1
oid sha256:50d35d1d429723c8329be49a44b298c2f0f81315bc5ac90cf6a09887cced5adb
size 290428
