version https://git-lfs.github.com/spec/v1
oid sha256:7d0e26f3532ad884659fc0989b9b9526a30299f05241e4da9152610a72b59d98
size 297102
