version https://git-lfs.github.com/spec/v1
oid sha256:efd57946fc8db13dc9b43dfffaf0d48cbe66babe483767f77534818630987911
size 619192
