version https://git-lfs.github.com/spec/v1
oid sha256:1e478c005992c8763c408e830c2b123914519f4c667eb2d8b9dfda637a840fc9
size 302676
