version https://git-lfs.github.com/spec/v1
oid sha256:d8ecd2fc169980e8d74fd59fec740e58d0fd11ff7cd49a96604c967ba81f028c
size 309293
