version https://git-lfs.github.com/spec/v1
oid sha256:ebf857c904aaac809676068e6797089be17d066fae640fd18f4caba358003f0c
size 645566
