version https://git-lfs.github.com/spec/v1
oid sha256:7b74b9ae74360e3da844c7c063317c81e2dec72b085bbdf427bbc5d60dc3f236
size 645061
