version https://git-lfs.github.com/spec/v1
oid sha256:c76cee4626999eec76f4669315131b976b4b7afe3f56da638e7fb4da2b2532a6
size 308953
