version https://git-lfs.github.com/spec/v1
oid sha256:3f9a7b4182e3f41e4d9f2f6eda085ce91be15c405264d472e72ca5688588b730
size 302022
