version https://git-lfs.github.com/spec/v1
oid sha256:b227464a79d67631851daa7a18c65a1da93251919b9d5cbf1f5b72c3f2c112f5
size 628868
