version https://git-lfs.github.com/spec/v1
oid sha256:39e98708725a319328f3109ffcb7b19e98917fa1e556b7247f43309ef5dfe3b2
size 616540
