version https://git-lfs.github.com/spec/v1
oid sha256:82899b856b6f44a14855aabb70cbe245a9b0b5a818efa0eeff1eb06038e38065
size 615022
