version https://git-lfs.github.com/spec/v1
oid sha256:c01e6425f4af2adcaeb58876565b7854654acfc3a57f94dc62e58d6fa8dc42d2
size 577398
